3.5
15.25
11.5
9.625
8.5
7.5
6.857142857142857
6.3125
6.333333333333333
6.3
6.136363636363637
5.875
5.769230769230769
5.535714285714286
5.5
5.3125
5.235294117647059
5.305555555555555
5.342105263157895
5.325
5.285714285714286
5.2727272727272725
5.195652173913044
5.104166666666667
5.14
5.038461538461538
5.018518518518518
5.0
5.0344827586206895
5.016666666666667
4.983870967741935
5.046875
5.03030303030303
5.044117647058823
5.0285714285714285
4.986111111111111
4.95945945945946
4.921052631578948
4.9743589743589745
4.925
4.939024390243903
4.988095238095238
4.965116279069767
4.965909090909091
5.011111111111111
5.065217391304348
5.053191489361702
5.0625
5.112244897959184
5.11
5.107843137254902
5.125
5.132075471698113
5.12037037037037
5.118181818181818
5.133928571428571
5.12280701754386
5.120689655172414
5.076271186440678
5.15
5.213114754098361
5.209677419354839
5.222222222222222
5.2734375
5.2615384615384615
5.303030303030303
5.298507462686567
5.294117647058823
5.333333333333333
5.35
5.394366197183099
5.409722222222222
5.438356164383562
5.418918918918919
5.4
5.381578947368421
5.3441558441558445
5.365384615384615
5.367088607594937
5.36875
5.382716049382716
5.432926829268292
5.4156626506024095
5.428571428571429
5.429411764705883
5.441860465116279
5.511494252873563
5.488636363636363
5.49438202247191
5.483333333333333
5.472527472527473
5.461956521739131
5.483870967741935
5.4787234042553195
5.484210526315789
5.505208333333333
5.520618556701031
5.525510204081633
5.545454545454546
5.53
5.52970297029703
5.53921568627451
5.553398058252427
5.543269230769231
5.5285714285714285
5.514150943396227
5.5046728971962615
5.523148148148148
5.509174311926605
5.5227272727272725
5.54054054054054
5.535714285714286
5.535398230088496
5.557017543859649
5.586956521739131
5.629310344827586
5.64957264957265
5.661016949152542
5.684873949579832
5.691666666666666
5.681818181818182
5.680327868852459
5.654471544715447
5.649193548387097
5.664
5.690476190476191
5.665354330708661
5.6953125
5.7015503875969
5.703846153846154
5.706106870229007
5.700757575757576
5.68796992481203
5.701492537313433
5.703703703703703
5.742647058823529
5.744525547445256
5.7355072463768115
5.762589928057554
5.753571428571429
5.75531914893617
5.778169014084507
5.786713286713287
5.78125
5.803448275862069
5.808219178082192
5.812925170068027
5.8141891891891895
5.822147651006712
5.82
5.814569536423841
5.832236842105263
5.852941176470588
5.847402597402597
5.854838709677419
5.862179487179487
5.8789808917197455
5.879746835443038
5.889937106918239
5.871875
5.869565217391305
5.861111111111111
5.871165644171779
5.859756097560975
5.884848484848485
5.885542168674699
5.87125748502994
5.875
5.855029585798817
5.858823529411764
5.874269005847953
5.877906976744186
5.881502890173411
5.876436781609195
5.9314285714285715
5.9289772727272725
5.9858757062146895
5.977528089887641
6.0139664804469275
6.072222222222222
6.085635359116022
6.087912087912088
6.084699453551913
6.116847826086956
6.116216216216216
6.123655913978495
6.114973262032086
6.1063829787234045
6.407407407407407
6.407894736842105
6.397905759162303
6.4296875
6.419689119170984
6.425257731958763
6.430769230769231
6.446428571428571
6.436548223350254
6.424242424242424
6.407035175879397
6.4
6.393034825870647
6.3861386138613865
6.379310344827586
6.392156862745098
6.397560975609756
6.400485436893204
6.391304347826087
6.40625
6.401913875598086
6.404761904761905
6.400473933649289
6.3915094339622645
6.387323943661972
6.383177570093458
6.374418604651162
6.462962962962963
6.451612903225806
6.463302752293578
6.4520547945205475
6.447727272727272
6.4457013574660635
6.441441441441442
6.428251121076233
6.428571428571429
6.42
6.424778761061947
6.420704845814978
6.407894736842105
6.397379912663755
6.395652173913043
6.393939393939394
6.392241379310345
6.381974248927039
6.386752136752137
6.382978723404255
6.375
6.381856540084388
6.390756302521009
6.418410041841004
6.4125
6.437759336099585
6.425619834710743
6.423868312757202
6.420081967213115
6.420408163265306
6.420731707317073
6.417004048582996
6.407258064516129
6.405622489959839
6.398
6.404382470119522
6.404761904761905
6.407114624505929
6.413385826771654
6.405882352941177
6.40234375
6.414396887159533
6.410852713178294
6.405405405405405
6.411538461538462
6.413793103448276
6.419847328244275
6.4106463878327
6.412878787878788
6.411320754716981
6.422932330827067
6.47191011235955
6.472014925373134
6.4646840148698885
6.461111111111111
6.466789667896679
6.466911764705882
6.461538461538462
6.452554744525547
6.454545454545454
6.456521739130435
6.471119133574007
6.474820143884892
6.473118279569892
6.483928571428572
6.48576512455516
6.49290780141844
6.507067137809187
6.508802816901408
6.5017543859649125
6.505244755244755
6.506968641114983
6.501736111111111
6.510380622837371
6.508620689655173
6.501718213058419
6.491438356164384
6.513651877133106
6.51530612244898
6.527118644067796
6.523648648648648
6.531986531986532
6.531879194630872
6.531772575250836
6.536666666666667
6.534883720930233
6.526490066225166
6.533003300330033
6.524671052631579
6.519672131147541
6.516339869281046
6.506514657980456
6.496753246753247
6.495145631067961
6.487096774193549
6.488745980707395
6.49198717948718
6.506389776357827
6.501592356687898
6.501587301587302
6.504746835443038
6.496845425867508
6.495283018867925
6.4858934169279
6.4796875
6.481308411214953
6.4813664596273295
6.486068111455109
6.486111111111111
6.48
6.4815950920245395
6.4755351681957185
6.4817073170731705
6.493920972644377
6.512121212121212
6.516616314199395
6.522590361445783
6.51951951951952
6.5119760479041915
6.513432835820896
6.532738095238095
6.540059347181009
6.56508875739645
6.57669616519174
6.576470588235294
6.577712609970675
6.580409356725146
6.574344023323615
6.604651162790698
6.607246376811594
6.604046242774566
6.6037463976945245
6.599137931034483
6.607449856733524
6.614285714285714
6.626780626780627
6.620738636363637
6.618980169971671
6.617231638418079
6.630985915492958
6.639044943820225
6.641456582633054
6.638268156424581
6.632311977715878
6.645833333333333
6.638504155124654
6.632596685082873
6.633608815426998
6.637362637362638
6.6438356164383565
6.64207650273224
6.638964577656676
6.633152173913044
6.630081300813008
6.633783783783784
6.6482479784366575
6.645161290322581
6.636729222520107
6.632352941176471
6.633333333333334
6.634308510638298
6.628647214854111
6.646825396825397
6.639841688654354
6.640789473684211
6.635170603674541
6.642670157068062
6.64621409921671
6.666666666666667
6.662337662337662
6.668393782383419
6.662790697674419
6.676546391752577
6.669665809768637
6.673076923076923
6.680306905370844
6.739795918367347
6.735368956743002
6.728426395939087
6.727848101265823
6.7272727272727275
6.72544080604534
6.719849246231155
6.7180451127819545
6.71875
6.71571072319202
6.717661691542289
6.715880893300248
6.711633663366337
6.718518518518518
6.711822660098522
6.705159705159705
6.699754901960785
6.690709046454768
6.702439024390244
6.695863746958637
6.690533980582524
6.690072639225182
6.693236714975845
6.692771084337349
6.6875
6.694244604316546
6.69976076555024
6.719570405727923
6.713095238095238
6.714964370546318
6.7239336492890995
6.719858156028369
6.716981132075472
6.711764705882353
6.714788732394366
6.714285714285714
6.7172897196261685
6.708624708624709
6.709302325581396
6.706496519721577
6.700231481481482
6.709006928406467
6.70852534562212
6.716091954022988
6.716743119266055
6.725400457665904
6.720319634703197
6.715261958997722
6.711363636363636
6.710884353741497
6.710407239819005
6.708803611738149
6.703828828828829
6.702247191011236
6.692825112107624
6.699105145413871
6.693080357142857
6.688195991091314
6.693333333333333
6.685144124168515
6.683628318584071
6.684326710816777
6.690528634361233
6.695604395604396
6.708333333333333
6.718818380743983
6.72707423580786
6.729847494553377
6.726086956521739
6.7321041214750545
6.729437229437229
6.741900647948164
6.744612068965517
6.73763440860215
6.728540772532189
6.735546038543897
6.728632478632479
6.743070362473348
6.743617021276596
6.736730360934183
6.740466101694915
6.7579281183932345
6.755274261603375
6.7494736842105265
6.748949579831932
6.748427672955975
6.7489539748953975
6.749478079331942
6.747916666666667
6.742203742203742
6.740663900414938
6.74120082815735
6.740702479338843
6.739175257731959
6.738683127572016
6.740246406570842
6.735655737704918
6.742331288343558
6.738775510204082
6.735234215885947
6.728658536585366
6.733265720081136
6.728744939271255
6.736363636363636
6.738911290322581
6.7364185110663986
6.7379518072289155
6.738476953907815
6.735
6.728542914171657
6.73406374501992
6.731610337972167
6.736111111111111
6.734653465346534
6.7312252964426875
6.763313609467455
6.761811023622047
6.761296660117878
6.759803921568627
6.761252446183953
6.7529296875
6.754385964912281
6.756809338521401
6.76504854368932
6.760658914728682
6.761121856866538
6.7596525096525095
6.758188824662813
6.7615384615384615
6.763915547024952
6.763409961685824
6.762906309751434
6.768129770992366
6.763809523809524
6.763307984790875
6.7637571157495255
6.759469696969697
6.762759924385633
6.7679245283018865
6.766478342749529
6.7706766917293235
6.7636022514071295
6.769662921348314
6.7785046728971965
6.776119402985074
6.771880819366853
6.773234200743494
6.776437847866419
6.780555555555556
6.793900184842884
6.803505535055351
6.801104972375691
6.795955882352941
6.798165137614679
6.794871794871795
6.801645338208409
6.810218978102189
6.806921675774134
6.801818181818182
6.798548094373865
6.802536231884058
6.817359855334539
6.817689530685921
6.817117117117117
6.820143884892087
6.8249551166965885
6.832437275985663
6.830948121645796
6.833928571428571
6.831550802139038
6.82829181494662
6.823268206039076
6.824468085106383
6.830088495575221
6.829505300353357
6.830687830687831
6.830985915492958
6.828646748681898
6.836842105263158
6.841506129597198
6.920454545454546
6.9205933682373475
6.931184668989547
6.929565217391304
6.923611111111111
6.919410745233969
6.914359861591696
6.913644214162349
6.913793103448276
6.909638554216867
6.912371134020619
6.916809605488851
6.940068493150685
6.9452991452991455
6.947952218430034
6.950596252129472
6.954081632653061
6.950764006791172
6.9516949152542376
6.952622673434856
6.962837837837838
6.9730185497470485
6.973063973063973
6.969747899159664
6.989932885906041
6.9958123953098825
6.991638795986622
6.997495826377295
7.0008333333333335
7.001663893510815
7.000830564784053
7.004145936981758
7.004139072847682
7.003305785123967
7.006600660066007
7.005766062602965
7.004934210526316
7.008210180623974
7.011475409836065
7.009001636661211
7.01062091503268
7.006525285481239
7.010586319218241
7.017073170731707
7.017045454545454
7.013776337115073
7.0210355987055015
7.030694668820678
7.02741935483871
7.031400966183575
7.039389067524116
7.040930979133226
7.03926282051282
7.0424
7.039137380191693
7.0374800637958534
7.04140127388535
7.044515103338632
7.051587301587301
7.063391442155309
7.063291139240507
7.056872037914692
7.061514195583596
7.05984251968504
7.056603773584905
7.054945054945055
7.0501567398119125
7.045383411580595
7.04765625
7.0522620904836195
7.059968847352025
7.067651632970451
7.068322981366459
7.065116279069767
7.074303405572755
7.075734157650696
7.078703703703703
7.077041602465331
7.076923076923077
7.082181259600614
7.085122699386503
7.091117917304747
7.091743119266055
7.098473282442748
7.120426829268292
7.1187214611872145
7.12386018237082
7.122913505311077
7.118939393939394
7.112708018154311
7.122356495468278
7.126696832579186
7.131777108433735
7.128571428571429
7.121621621621622
7.153673163418291
7.169161676646707
7.177877428998506
7.176119402985075
7.178837555886736
7.189732142857143
7.1909361069836555
7.186943620178042
7.185185185185185
7.18491124260355
7.180945347119645
7.180678466076696
7.182621502209131
7.180882352941176
7.18575624082232
7.190615835777126
7.193265007320644
7.193713450292398
7.192700729927007
7.192419825072887
7.189956331877729
7.193313953488372
7.1915820029027575
7.193478260869565
7.191027496382055
7.190028901734104
7.190476190476191
7.1902017291066285
7.190647482014389
7.185344827586207
7.182209469153515
7.181948424068768
7.180257510729613
7.1814285714285715
7.186162624821684
7.181623931623932
7.182788051209104
7.1946022727272725
7.195744680851064
7.191218130311615
7.193069306930693
7.197033898305085
7.196755994358251
7.196478873239436
7.201828410689171
7.206460674157303
7.209677419354839
7.21078431372549
7.211888111888112
7.21159217877095
7.209902370990237
7.206128133704736
7.200973574408901
7.2
7.20873786407767
7.203601108033241
7.216459197786999
7.218232044198895
7.213103448275862
7.212121212121212
7.210453920220083
7.208104395604396
7.205761316872428
7.206164383561644
7.210670314637483
7.2103825136612025
7.208731241473397
7.217302452316076
7.219727891156462
7.220788043478261
7.226594301221167
7.223577235772358
7.220568335588633
7.22972972972973
7.226045883940621
7.224393530997305
7.220053835800807
7.220430107526882
7.226174496644295
7.224530831099195
7.2269076305220885
7.225267379679145
7.228971962616822
7.234666666666667
7.235019973368842
7.232047872340425
7.239707835325365
7.236737400530504
7.235099337748345
7.231481481481482
7.2298546895640685
7.236807387862797
7.2516469038208164
7.258552631578947
7.256241787122208
7.259186351706036
7.258191349934469
7.25196335078534
7.250980392156863
7.2558746736292425
7.264015645371577
7.268229166666667
7.269180754226268
7.270779220779221
7.27431906614786
7.273316062176166
7.271668822768435
7.27390180878553
7.272903225806451
7.276417525773196
7.277348777348777
7.276349614395887
7.285622593068036
7.285256410256411
7.2797695262483995
7.2774936061381075
7.305874840357599
7.307397959183674
7.3031847133757966
7.301526717557252
7.301143583227446
7.304568527918781
7.308618504435995
7.310126582278481
7.309102402022756
7.3106060606060606
7.313997477931904
7.312972292191436
7.330817610062893
7.332914572864322
7.334378920953576
7.347744360902255
7.344180225281602
7.348125
7.34769038701623
7.348503740648379
7.353673723536737
7.354477611940299
7.354658385093168
7.351736972704715
7.346964064436183
7.34529702970297
7.349814585908529
7.346913580246913
7.349568434032059
7.347906403940887
7.3517835178351785
7.348894348894349
7.345398773006135
7.346200980392157
7.342717258261934
7.349022004889975
7.354090354090354
7.353658536585366
7.355663824604141
7.355839416058394
7.363912515188336
7.361650485436893
7.361818181818182
7.3674334140435835
7.373035066505441
7.373792270531401
7.371531966224366
7.379518072289157
7.384476534296029
7.386418269230769
7.384753901560624
7.396882494004796
7.402994011976048
7.40011961722488
7.398446833930705
7.40453460620525
7.410011918951132
7.4053571428571425
7.401902497027349
7.403800475059382
7.405693950177936
7.4052132701421804
7.4041420118343195
7.400118203309693
7.399055489964581
7.400353773584905
7.409893992932862
7.409411764705882
7.416333725253508
7.413497652806027
7.411254396472139
7.4107728339469965
7.407953216597351
7.408060747886372
7.404084014224895
7.401282051504353
7.411292200454872
7.412558139756668
7.41614401880457
7.433642691636583
7.432560834519971
7.434953703924462
7.435028901954607
7.4310623558784465
7.427681661119648
7.427764977178266
7.428423475478406
7.427931034701994
7.428587830299351
7.4275229359985495
7.42416953057358
7.424256293124411
7.424914285932268
7.421575342683488
7.420524515610873
7.4251708430418395
7.425824801127116
7.423636363853108
7.427128263553615
7.425510204297885
7.426160815618046
7.423981900668252
7.425197740328514
7.429232505858617
7.442841037419092
7.446283783998576
7.441282339922086
7.439662921562624
7.436924803805539
7.435874439675712
7.440425532128483
7.438814317886728
7.438882681777358
7.436160714498588
7.433444816266148
7.434632516916186
7.431924360612609
7.4292222224341495
7.429300777126231
7.427161862739174
7.427242525128167
7.437278761272937
7.43955801126048
7.45452538652399
7.454575523914812
7.45352422928495
7.452475247734582
7.449780219989819
7.456970362448666
7.462500000209139
7.46144578334144
7.4620350111496005
7.462622951028125
7.468122270950584
7.468702290284335
7.473093682124984
7.471490751023651
7.469891304555147
7.4710097721940665
7.473210412354376
7.474322860445
7.4786796538860765
7.483027027233227
7.482505399774012
7.486839266656672
7.489547413998637
7.4857911735099405
7.484193548592188
7.48421052652066
7.4853004293892
7.504608789057594
7.50299785887659
7.5040641713269896
7.506196581400358
7.51419423712992
7.511513859478395
7.509904153557758
7.51095744701142
7.507226355144246
7.509341826104814
7.508271474221352
7.509322034100355
7.512486772688608
7.509830867009233
7.5087645197367845
7.5077004221421255
7.5155953637415545
7.5113684212534055
7.508201892945042
7.512394958183545
7.776285414680729
7.775471698313139
7.777801047320141
7.778033473002861
7.785057471463673
7.7878914407001405
7.792283628978868
7.787812500198682
7.783870967940411
7.783056133254402
7.781723780052684
7.784543568662588
7.786321243720969
7.788095238292686
7.7862461222241315
7.7890495869739
7.789783281930583
7.79412371153684
7.79536560266811
7.801748971389645
7.8045220968044555
7.801129363645519
7.804410256605882
7.811782787080671
7.809928352293485
7.811145194469054
7.810316649837318
7.813061224684423
7.81427115208026
7.816496945204414
7.834994913724044
7.838719512388958
7.838375634711406
7.842596349077825
7.842755825927796
7.838866396954185
7.84054600625959
7.836666666859328
7.835822401806998
7.844052419547112
7.8462235651467624
7.845372233592289
7.852562814262045
7.856224899789894
7.855867602999734
7.852505010211157
7.8496496498405754
7.8468000001907345
